pdp;0;12;25.0;
pdp;1;12;25.0;19;15.0;
pdp;2;6;30.0;9;15.0;
pdp;3;18;12.0;
pdp;4;5;20.0;6;30.0;
pdp;5;4;20.0;12;25.0;20;15.0;
pdp;6;4;30.0;2;30.0;
pdp;7;18;25.0;10;15.0;17;25.0;
pdp;8;9;5.0;
pdp;9;8;5.0;2;15.0;17;5.0;
s;10;7;15.0;24;10.0;
s;11;14;10.0;23;10.0;
s;12;0;25.0;1;25.0;5;25.0;15;10.0;
s;13;16;10.0;22;10.0;
s;14;20;10.0;11;10.0;
s;15;21;10.0;12;10.0;
s;16;19;10.0;13;10.0;
s;17;7;25.0;9;5.0;23;10.0;
s;18;3;12.0;7;25.0;22;10.0;
s;19;1;15.0;16;10.0;
s;20;5;15.0;14;10.0;
s;21;24;10.0;15;10.0;
s;22;13;10.0;18;10.0;
s;23;11;10.0;17;10.0;
s;24;10;10.0;21;10.0;
